30	1210	-200	610
40	1230	900	800
10	1965	220	685
41	860	750	780
60	380	1230	490
20	1000	1210	370
0	740	650	720
11	1150	1150	-60
61	390	840	540
42	1625	1260	0
31	1710	1120	450
21	960	680	10
12	1380	-100	380
50	2440	240	340
1	1310	690	-100
32	2115	-150	700
33	930	515	370
13	1580	520	-200
51	-60	1900	250
22	1335	1570	960
62	1890	1160	-200
43	1520	840	430
14	610	2050	470
2	1400	1270	1465
3	860	350	690
34	1550	1660	520
63	1485	1460	-90
52	2170	820	-190
64	680	500	795
44	1320	690	410
23	360	1170	330
4	2710	330	100
24	715	1160	530
65	380	620	580
45	1090	720	620
5	680	1460	390
6	0	1050	560
53	1980	720	-90
28	720	1720	520
29	930	410	400
80	2035	990	0
35	1730	610	-70
88	2005	820	-100
46	910	1080	380
89	-100	1430	-200
47	-100	810	480
90	-300	-390	2085
36	1375	-400	410
81	990	1070	730
7	860	1770	-200
37	1580	390	480
54	2625	730	-100
38	580	1190	-100
55	1430	1230	-300
82	940	1910	50
8	2270	530	-200
39	1340	280	550
83	1070	1040	-90
56	1610	410	270
91	2160	-250	-190
84	820	440	540
9	380	1480	115
15	1710	1040	-190
57	1100	790	500
16	2160	380	-200
85	1810	990	-200
86	-300	590	660
58	1830	710	320
59	1170	680	-100
72	2275	990	-300
87	770	560	470
96	1990	590	-90
17	2030	2080	-200
73	610	1440	520
18	-100	1510	-200
48	2630	1070	-200
74	1150	250	440
19	740	2040	-90
97	1650	1240	-200
98	1250	1000	110
25	1730	580	360
75	1420	310	30
99	1900	360	-300
92	1490	340	-100
76	1645	210	-200
93	1680	510	-100
26	1730	-190	-100
77	1570	40	360
27	2595	-160	-260
49	2005	2010	-100
66	980	900	420
78	1350	1720	-190
94	1730	1840	-100
67	1520	720	-200
79	970	1120	480
95	990	710	-100
68	2210	310	-100
140	-200	1275	520
69	1590	1735	-90
150	1040	340	640
100	690	370	720
120	450	680	915
110	830	610	400
130	610	1020	1230
160	570	1810	20
131	880	370	650
151	1460	410	-80
141	1185	770	760
152	-100	340	1080
161	900	80	610
101	1900	1040	-200
132	1820	-290	770
162	770	550	860
111	1470	1130	-100
153	1190	1130	-180
112	1580	330	-100
133	1655	270	500
102	320	560	600
121	2270	190	510
163	210	1780	-90
154	970	490	290
103	710	1680	360
104	-100	610	1220
142	1650	490	780
143	630	320	750
105	2395	-200	-300
134	1225	1610	-280
122	2150	360	-100
113	1540	980	-200
144	460	1410	350
164	995	1010	990
170	1780	1540	-190
106	1530	1380	50
145	830	390	820
107	560	460	490
114	645	1300	990
115	785	490	490
135	1805	880	-260
136	645	1240	-200
116	2125	720	0
123	2670	310	20
108	1535	800	20
171	2330	-170	-200
124	2020	1250	-190
125	1230	230	410
137	1375	620	90
138	10	1480	-90
165	1210	1730	-300
172	2085	570	430
126	1850	250	-200
173	1490	380	-200
109	1500	100	-100
146	1180	2130	-300
117	1640	1420	-200
174	1365	420	-100
166	1700	1020	-90
127	1115	830	590
118	1455	520	-100
167	-200	1380	-200
147	1530	290	320
148	600	740	470
139	2105	1660	-200
168	1440	620	610
175	1450	250	-100
119	1200	650	830
149	1400	2130	40
128	990	1580	-200
176	1170	270	460
129	570	890	-200
