70	725	1210	-300
71	1360	740	470
30	1210	-200	610
40	1230	900	800
10	1965	220	685
41	860	750	780
60	380	1230	490
20	1000	1210	370
0	740	650	720
11	1150	1150	-60
61	390	840	540
42	1625	1260	0
31	1710	1120	450
21	960	680	10
12	1380	-100	380
50	2440	240	340
1	1310	690	-100
32	2115	-150	700
33	930	515	370
13	1580	520	-200
51	-60	1900	250
22	1335	1570	960
62	1890	1160	-200
43	1520	840	430
14	610	2050	470
2	1400	1270	1465
3	860	350	690
34	1550	1660	520
63	1485	1460	-90
52	2170	820	-190
64	680	500	795
44	1320	690	410
23	360	1170	330
4	2710	330	100
24	715	1160	530
65	380	620	580
45	1090	720	620
5	680	1460	390
100	590	1700	-220
100	550	920	540
101	1165	850	755
102	2035	-300	610
